AC	QD	FS	SOR	MQ	MQRankSum	ReadPosRankSum
2	25.36	2.851	1.316	54.97	-1.149e+00	2.83
62	28.73	0.000	0.597	58.50	4.27	0.451
1	30.60	1.332	0.647	58.52	3.96	0.044
21	30.97	1.252	0.410	56.38	-7.860e-01	1.29
6,7	27.24	6.651	0.477	57.41	-2.252e+00	0.662
5	27.61	0.793	0.556	58.78	4.76	0.060
2,32,1,1	33.69	0.960	0.731	58.89	6.74	0.505
3	28.20	0.000	0.604	59.39	3.26	0.262
1	25.00	3.607	0.670	58.47	3.52	1.04
93	29.56	0.000	0.730	59.11	-1.590e-01	1.01
6	30.62	0.000	0.445	59.62	4.29	1.73
8	28.17	0.000	0.559	59.21	-1.760e-01	0.897
2	26.80	1.859	0.658	59.31	0.879	0.927
2	26.00	4.323	0.555	59.70	-9.800e-02	0.967
1	17.43	14.428	0.729	57.33	2.00	-3.269e+00
5,1	30.02	0.000	0.500	59.48	18.89	1.74
36	31.98	0.000	0.699	59.27	-1.740e-01	0.414
7	26.42	3.716	0.434	58.69	15.99	3.25
64	27.51	2.696	0.329	58.95	9.33	1.63
328	29.11	0.000	0.382	58.65	5.01	0.728
11	24.28	0.000	0.653	59.44	6.81	1.92
4	32.84	13.206	0.283	59.46	8.31	1.63
2	28.08	5.954	0.075	59.64	24.48	6.78
1	30.78	2.472	0.543	59.37	16.57	6.65
30,1	30.23	0.893	0.606	59.10	5.41	2.88
1	15.08	0.000	0.711	59.78	-4.980e-01	1.39
8,2	33.64	0.000	0.499	59.68	0.00	0.416
212	23.23	0.000	0.354	59.66	-7.500e-02	1.46
212	29.03	0.000	0.508	59.66	-3.500e-02	1.63
60,1	29.18	0.000	0.728	59.74	-2.440e-01	0.117
1	33.81	0.000	0.647	59.97	-1.100e-01	-7.400e-01
24	34.88	0.000	0.643	60.00	0.00	0.685
5	34.43	0.000	0.358	60.00	0.00	1.04
165	34.50	0.000	0.708	60.00	0.00	0.065
4	30.67	0.000	1.107	59.97	-4.900e-02	-1.800e-01
5	26.61	0.000	0.944	59.99	14.98	1.86
1	32.03	3.376	0.712	60.00	0.00	-1.297e+00
13	29.20	0.000	0.261	60.00	0.00	1.10
9,1	28.55	1.687	0.582	60.00	0.00	-5.780e-01
336	34.42	0.000	0.360	60.00	0.00	0.230
115,1	28.53	0.000	0.673	60.00	0.00	0.191
217	27.23	0.000	0.546	60.00	0.00	0.185
335	29.52	0.000	0.561	60.00	0.00	0.867
84	33.99	0.000	0.498	60.00	0.00	-5.580e-01
3	33.47	0.000	0.723	59.99	-1.390e-01	0.683
2	33.22	0.000	0.753	60.00	0.00	2.25
1	30.69	0.000	0.240	60.00	0.00	-1.288e+00
135	34.11	0.000	0.724	60.00	0.00	-1.680e-01
37	32.91	0.000	0.679	59.97	0.00	0.410
217	31.31	0.000	0.627	59.98	0.00	0.087
217	31.45	0.000	0.557	59.98	0.00	-6.000e-02
216	33.27	0.000	0.525	59.98	0.00	-6.700e-02
1	13.00	3.619	0.485	60.00	0.00	0.843
216	31.26	0.000	0.537	59.99	0.00	0.330
216	27.76	0.000	0.840	59.99	0.00	-5.900e-02
1	34.32	0.000	1.020	59.98	-6.300e-02	1.41
35	29.09	0.000	0.828	59.99	0.00	0.533
1	26.08	0.000	1.023	60.00	0.00	0.834
1	33.58	0.000	0.595	60.00	0.00	-1.350e-01
217	34.50	0.000	0.818	60.00	0.00	-1.215e+00
1	34.36	0.000	0.271	60.00	0.00	0.121
217	33.44	0.000	0.731	60.00	0.00	0.079
58	33.49	0.000	0.720	60.00	-1.000e-01	-9.080e-01
1	33.85	5.047	0.793	60.00	0.00	0.134
55	27.08	0.000	0.598	60.00	0.00	0.248
3,5	34.33	0.000	1.128	60.00	0.00	0.785
216	25.42	0.000	0.796	60.00	0.00	0.288
336	27.65	0.000	0.708	60.00	0.00	0.145
1	31.75	0.000	0.571	60.00	0.00	0.040
1	29.48	6.221	0.317	60.00	0.00	-1.400e-01
1	32.06	0.000	0.227	60.00	0.00	0.724
362	34.44	0.000	0.452	60.00	0.00	-6.470e-01
84	30.56	0.000	0.693	60.00	0.00	-1.834e+00
1	10.70	0.000	0.693	60.00	0.00	-1.834e+00
1	10.70	0.000	0.693	60.00	0.00	-2.189e+00
1	7.60	0.000	0.368	60.00	0.00	0.303
334	33.63	0.000	0.282	60.00	0.00	1.27
1	30.55	0.000	1.058	59.98	0.00	-4.280e-01
1	32.62	6.353	0.923	60.00	0.00	0.922
215	29.33	0.000	0.864	60.00	0.00	0.269
233	35.36	0.000	0.654	59.99	0.00	-8.300e-02
335	34.30	0.000	0.804	59.99	0.00	-8.660e-01
55	27.00	0.000	0.655	60.00	0.00	-1.648e+00
1	33.36	0.000	0.556	60.00	0.00	1.77
1	33.06	0.000	0.288	60.00	0.00	0.018
3	34.86	0.000	0.500	60.00	0.00	-1.560e-01
27	33.15	0.000	0.662	59.98	0.00	-2.120e-01
32	33.82	0.000	0.608	60.00	-8.300e-02	-7.900e-02
1	30.82	0.000	0.822	60.00	0.00	0.481
2	29.27	0.000	0.526	60.00	0.00	1.01
2	34.12	3.211	0.392	60.00	0.00	0.711
216	35.92	0.000	0.849	60.00	-8.000e-02	-2.577e+00
1	27.06	0.000	0.622	60.00	0.00	0.997
19	34.81	0.000	0.642	59.99	0.00	1.61
114	33.50	0.000	0.259	59.99	0.00	3.04
2	33.40	0.000	0.098	60.00	0.00	-3.900e-02
2	34.60	0.000	0.248	59.99	0.00	1.26
1	33.61	2.048	0.267	60.00	0.00	0.148
7	29.63	0.000	0.617	59.99	0.00	1.27
1	28.76	0.000	0.561	60.00	0.00	1.13
342	29.94	0.000	0.731	59.99	0.00	0.941
21	31.54	0.000	0.615	59.99	0.00	0.513
4	34.65	0.000	0.539	60.00	0.00	-7.000e-03
4	28.86	0.000	0.786	60.00	0.00	-2.500e-02
117	29.41	0.000	0.870	60.00	0.00	1.08
213	34.19	0.000	0.665	60.00	0.00	0.453
1	31.11	0.000	0.805	60.00	0.00	0.074
1	34.66	0.000	0.788	59.94	0.00	-5.370e-01
217	29.40	0.000	0.628	60.00	0.00	-3.300e-01
225	36.76	0.000	0.647	60.00	0.00	-5.300e-02
1	30.54	2.052	0.243	60.00	0.00	-6.270e-01
1	32.18	2.059	0.245	60.00	0.00	0.251
66	34.10	0.000	0.492	60.00	0.00	2.48
7	34.75	0.000	0.739	60.00	0.00	0.722
3	32.14	0.000	0.446	59.98	0.00	-2.130e-01
38	33.06	0.000	0.805	60.00	0.00	0.560
1	31.74	0.000	0.310	60.00	0.00	-1.638e+00
3	21.53	0.000	0.748	59.99	0.00	0.231
117	34.87	0.000	0.749	60.00	-5.500e-02	0.369
1	28.79	3.188	0.423	60.00	0.00	-3.800e-02
1	20.55	0.000	0.605	60.00	0.00	-3.000e-03
217	31.04	0.000	0.618	60.00	0.00	-2.030e-01
18,7,15,2,7	27.86	0.000	0.642	59.94	-7.900e-02	0.600
1	25.69	1.618	0.818	60.00	0.00	2.94
348	34.17	0.000	0.640	59.99	0.00	-1.020e+00
217	28.60	0.000	0.790	59.99	0.00	0.579
237	25.57	0.000	0.728	60.00	0.00	-1.599e+00
10	33.11	0.000	0.707	59.98	0.00	0.882
46	30.20	0.000	0.706	59.97	0.00	-6.070e-01
337	30.49	0.000	0.379	59.99	0.00	0.053
1	31.67	3.746	0.662	60.00	0.00	1.92
1	29.53	0.000	0.345	60.00	0.00	0.982
1	32.63	3.235	0.404	60.00	-8.590e-01	0.481
12	30.36	0.000	0.374	60.00	0.00	-1.206e+00
2	31.57	1.150	0.420	60.00	0.00	0.333
1	9.83	1.140	0.706	60.00	0.00	1.39
7	28.13	0.000	0.450	59.99	0.00	-3.300e-01
228	34.64	0.000	0.738	60.00	0.00	-1.042e+00
3	34.51	0.000	0.161	60.00	-1.290e-01	-2.690e-01
1	4.25	1.107	0.668	60.00	0.00	-1.640e-01
1	27.97	0.000	0.734	60.00	0.00	-4.160e-01
1	28.31	0.000	0.898	60.00	0.00	0.778
1	35.21	4.037	0.239	60.00	-1.120e-01	1.53
216	35.18	0.000	0.728	60.00	-6.600e-02	0.622
117	29.59	0.000	0.420	60.00	0.00	1.28
2	32.25	0.000	0.820	60.00	0.00	0.944
2	34.86	0.000	0.792	60.00	0.00	-1.240e+00
334	32.49	0.000	0.562	60.00	-1.330e-01	1.08
4	29.05	0.000	0.623	59.98	0.00	1.53
117	31.88	0.000	0.708	59.99	0.00	-6.370e-01
117	30.31	0.000	0.685	59.99	0.00	0.516
2	29.84	0.000	1.121	60.00	0.00	0.846
14	28.80	0.000	0.607	59.97	0.00	-6.330e-01
1	29.95	3.038	0.254	59.99	0.00	-1.719e+00
2	30.22	0.000	0.601	59.98	0.00	-2.420e-01
334	29.85	0.000	0.287	60.00	0.00	0.204
1	24.32	0.000	0.689	60.00	0.00	0.113
1	33.63	5.517	0.279	60.00	0.00	0.576
4	31.18	0.000	0.376	60.00	0.00	-9.430e-01
1	28.65	0.000	0.592	60.00	0.00	0.049
1	28.44	0.000	0.732	60.00	0.00	-9.270e-01
9	34.83	0.000	0.943	60.00	0.00	-1.202e+00
20	34.53	0.000	0.646	60.00	0.00	-5.200e-01
16	35.95	0.000	0.463	60.00	0.00	-9.360e-01
84	34.83	0.000	0.738	60.00	0.00	1.02
2	33.54	3.622	0.677	60.00	0.00	-7.300e-02
1	33.53	0.000	0.929	60.00	0.00	1.49
150	34.25	0.000	0.659	60.00	0.00	0.021
96	34.42	0.000	0.704	60.00	0.00	0.453
218	33.90	0.000	0.711	60.00	0.00	0.793
83	34.15	0.000	0.458	60.00	0.00	0.104
1	33.30	2.060	0.229	60.00	0.00	0.886
217,1	34.41	0.000	0.838	60.00	0.00	1.56
1	36.33	0.000	0.855	60.00	0.00	-4.340e-01
218	32.31	0.000	0.639	60.00	0.00	0.400
1	34.29	0.000	0.272	60.00	0.00	0.189
7	33.90	6.311	0.318	60.00	0.00	-2.130e-01
1	30.05	0.000	0.393	60.00	0.00	1.96
118	33.30	0.000	0.585	60.00	0.00	-1.452e+00
210	31.74	0.000	0.676	60.00	-1.000e-01	1.86
119	28.66	0.000	0.259	60.00	0.00	-7.780e-01
1	25.41	0.000	0.283	59.90	0.00	0.197
84,3	31.93	0.000	0.384	59.99	0.00	1.52
217	34.48	0.000	0.567	60.00	0.00	-6.940e-01
335	28.50	0.000	0.700	60.00	0.00	0.716
363	35.19	0.000	0.476	59.99	0.00	0.533
10	30.73	0.000	0.144	60.00	0.00	-2.800e-02
336	26.72	0.000	0.831	60.00	0.00	-3.850e-01
336	24.84	0.000	0.425	60.00	0.00	0.117
217	25.31	0.000	0.587	60.00	0.00	0.037
118	31.63	0.000	0.622	60.00	0.00	0.336
8	32.38	0.000	0.652	59.98	0.00	0.175
7	35.32	0.000	0.923	59.93	0.00	-1.473e+00
4	25.62	0.000	0.729	59.93	0.00	0.096
6	32.70	0.000	0.385	60.00	0.00	0.825
217	30.94	0.000	0.809	59.99	0.00	0.687
211,4	29.96	0.000	0.438	59.99	0.00	-1.368e+00
10	34.87	0.000	0.568	60.00	0.00	0.126
217	28.28	0.000	0.658	60.00	0.00	1.06
217	30.68	0.000	0.640	60.00	0.00	-2.280e-01
216	35.74	0.000	0.720	60.00	0.00	0.638
1	29.19	0.000	0.735	60.00	0.00	0.584
3	26.06	0.000	0.417	60.00	0.00	-7.980e-01
217	30.34	0.000	0.781	60.00	0.00	2.03
1	20.29	0.000	0.312	59.99	0.00	1.64
25	26.13	0.000	0.678	60.00	0.00	1.12
335	30.96	0.000	0.262	60.00	0.00	0.504
212	29.87	0.000	0.726	60.00	0.00	-1.399e+00
4	31.95	0.000	0.827	59.98	0.00	-1.449e+00
218	30.91	0.000	0.752	60.00	0.00	0.998
142	29.89	0.000	0.820	60.00	-7.430e-01	0.466
117	34.86	0.000	0.590	60.00	0.00	-6.000e-01
2	37.07	0.000	0.122	60.00	0.00	0.185
83	34.03	3.213	0.329	60.00	0.00	-7.110e-01
35	28.89	0.000	0.788	59.99	0.00	2.68
218	31.43	0.000	0.543	59.99	-2.910e-01	2.02
334	29.47	0.000	0.694	59.99	-6.300e-02	1.18
1	32.35	0.000	1.115	60.00	0.00	0.537
3	34.97	0.000	0.864	60.00	0.00	0.148
3	31.82	0.000	0.582	60.00	0.00	-5.220e-01
1	34.45	0.000	0.802	60.00	0.00	0.058
1	29.61	0.000	0.270	60.00	0.00	1.02
35	33.88	0.000	0.599	59.99	0.00	-1.440e+00
1	3.84	0.523	0.698	60.00	0.00	-8.590e-01
1	11.23	0.547	0.747	60.00	0.00	0.911
5	30.00	0.000	0.531	60.00	0.00	1.31
1	31.14	0.000	0.855	59.97	0.00	8.000e-03
84	34.80	0.000	0.751	60.00	0.00	1.01
1	32.87	0.000	1.192	59.98	0.00	0.358
218	31.78	0.000	0.816	60.00	0.00	1.31
119	28.53	0.000	0.535	60.00	0.00	1.36
43,1	31.86	5.979	0.090	59.90	0.00	1.90
218	30.18	0.000	0.063	59.97	0.00	-6.310e-01
218	31.99	0.000	0.527	59.97	0.00	0.256
12	27.54	0.000	0.832	59.80	0.00	2.80
1	34.14	0.000	0.982	59.88	9.61	3.56
118	25.40	0.000	0.776	60.00	9.69	2.37
3,3	27.98	0.000	0.871	60.00	26.30	0.832
218	24.64	0.000	0.494	60.00	0.00	-7.890e-01
1	20.29	3.018	0.531	60.00	0.00	1.02
1	33.00	0.000	0.773	59.98	0.00	0.675
10	30.03	0.000	0.707	60.00	-3.100e-02	0.496
34	29.37	0.000	0.650	60.00	0.00	1.69
1	31.53	0.000	0.473	60.00	0.00	0.347
1	28.93	0.000	0.740	60.00	0.00	-2.190e-01
1	28.80	0.000	0.227	60.00	0.00	-4.300e-02
2	31.66	0.000	0.760	60.00	-2.600e-02	0.355
6	33.81	0.000	0.572	60.00	-3.500e-02	0.344
98	28.07	0.000	0.577	60.00	-9.500e-01	0.910
1	29.04	0.000	0.800	59.97	0.00	1.11
1	28.82	0.000	0.725	60.00	0.00	-2.518e+00
1	32.19	0.000	0.876	60.00	0.00	-2.719e+00
7	27.21	0.000	0.955	60.00	-1.400e-01	3.95
2	34.73	0.000	0.280	60.00	0.00	0.329
1	30.45	0.000	1.232	60.00	0.00	0.029
217,103	29.99	0.000	1.285	60.00	-3.800e-02	0.435
217	27.15	0.000	0.742	60.00	0.00	1.21
44	29.04	0.000	0.475	60.00	-3.900e-02	1.63
115	34.43	0.000	0.523	60.00	-2.100e-02	0.406
1	34.29	5.587	1.376	60.00	-3.100e-02	-1.440e-01
115	31.35	0.000	0.485	59.99	0.00	-7.940e-01
93	28.30	0.000	0.296	59.99	-8.700e-02	0.901
6	28.11	1.352	0.465	59.74	-9.300e-02	-9.880e-01
2	26.70	2.429	0.776	59.54	0.00	0.279
1	34.54	0.000	0.443	59.94	-1.040e-01	0.621
83	34.51	0.000	0.967	59.99	0.00	0.072
1	28.93	0.000	0.704	60.00	0.00	1.24
20	30.52	0.000	0.611	60.00	-4.400e-02	-3.550e-01
124	28.43	0.000	0.751	60.00	0.00	0.327
1	30.83	0.000	0.193	60.00	0.00	-1.801e+00
337	27.64	0.000	0.418	60.00	0.00	1.62
337	34.62	0.000	0.345	60.00	-9.500e-02	0.472
2	33.98	2.362	0.685	60.00	0.00	0.066
218	27.23	0.000	0.687	59.95	0.00	0.462
256	31.92	0.000	0.627	59.96	0.00	0.189
218	31.19	0.000	0.797	59.95	0.00	1.18
1	1.75	2.450	0.896	60.00	0.00	-1.760e-01
1	34.41	0.000	0.276	60.00	0.00	0.572
5,1	29.34	0.000	0.785	59.99	0.00	0.403
337	33.56	0.000	0.409	59.99	0.00	0.290
119	33.57	2.809	0.214	59.99	0.00	0.297
1	33.47	0.000	0.767	60.00	0.00	-7.610e-01
2	32.58	5.236	0.155	59.99	0.00	0.128
218	33.42	0.000	0.760	59.95	0.00	1.24
336	31.23	0.000	0.698	59.97	0.00	0.509
1	26.59	0.000	1.319	59.95	0.00	-5.670e-01
151	27.54	0.000	0.738	59.94	0.00	-1.190e-01
326	36.09	0.000	0.294	59.97	0.00	-8.230e-01
3	27.76	0.000	0.900	60.00	0.00	-3.850e-01
333	30.63	0.000	0.396	60.00	0.00	0.178
5	32.16	0.000	0.801	59.94	0.00	-1.220e-01
5	26.67	0.000	0.529	59.94	0.00	1.94
5	32.18	0.000	0.939	59.94	0.00	0.114
214	28.65	0.000	0.196	60.00	0.00	0.579
1	28.33	3.121	0.200	60.00	0.00	-3.430e-01
1	33.06	0.000	0.775	60.00	0.00	0.341
218	28.36	0.000	0.461	59.99	0.00	-5.390e-01
34	31.73	0.000	0.323	59.98	0.00	0.383
1	31.55	0.000	0.843	60.00	0.00	0.144
10	30.45	0.000	0.717	59.99	-9.600e-02	-2.290e-01
334	29.30	0.000	0.296	60.00	0.00	2.26
2	30.48	0.000	0.055	59.91	0.00	3.01
2	29.74	0.000	0.518	59.97	0.00	0.967
1	32.31	0.000	0.838	60.00	0.00	-1.240e-01
4	30.20	0.000	0.396	60.00	0.00	0.758
341	29.87	0.000	0.590	60.00	0.00	0.591
1	31.30	0.000	0.784	60.00	0.00	-2.160e-01
84	29.27	0.000	0.671	60.00	0.00	7.000e-03
1	28.24	0.000	0.958	60.00	0.00	-3.460e-01
1	32.32	0.000	0.505	60.00	0.00	0.678
220	33.98	0.000	0.601	60.00	0.00	-1.433e+00
2	32.17	0.000	0.716	60.00	0.00	0.757
1	33.74	0.000	0.742	59.98	5.16	0.044
15	34.04	0.000	0.662	60.00	0.00	-3.540e-01
7	33.21	0.000	0.249	60.00	0.00	-2.470e-01
18	34.58	0.000	0.569	60.00	0.00	-6.190e-01
6	33.81	0.000	0.784	60.00	0.00	0.777
2	34.84	0.000	0.379	60.00	0.00	0.057
9	33.54	0.000	0.366	60.00	-3.400e-02	0.460
1	19.29	0.000	0.695	60.00	-4.500e-02	1.69
216	34.51	0.000	0.702	60.00	0.00	-4.060e-01
6	29.25	0.000	0.419	60.00	0.00	-4.500e-02
25	29.92	0.000	0.707	60.00	0.00	0.628
4	34.73	0.000	0.803	60.00	0.00	-2.750e-01
1	34.64	8.678	0.063	60.00	0.00	0.291
1	22.65	0.000	0.657	60.00	0.00	1.12
205	34.07	0.000	0.738	60.00	0.00	0.376
3	28.22	0.000	0.460	60.00	0.00	1.35
11	30.25	0.000	0.689	60.00	0.00	1.20
1	7.01	2.114	0.802	60.00	14.05	1.51
8	28.90	0.000	0.638	60.00	0.00	1.31
7	34.47	0.000	0.520	60.00	0.00	1.77
2	34.67	0.000	0.233	60.00	-2.720e-01	0.490
118	32.28	3.235	0.341	60.00	0.00	1.07
217	34.79	0.000	0.695	60.00	0.00	0.931
7	36.29	0.000	0.367	59.98	0.00	0.028
16	30.30	0.000	0.650	60.00	0.00	0.445
57	37.71	0.000	0.664	60.00	-1.020e-01	0.464
118	25.52	3.189	0.485	60.00	7.37	3.00
1	31.32	3.424	0.432	60.00	0.00	-6.620e-01
1	35.16	0.000	0.059	60.00	0.00	0.184
16	29.69	3.424	0.759	60.00	-7.500e-02	1.18
1	29.03	0.000	0.825	59.96	-2.780e-01	0.161
216	29.23	0.000	0.733	60.00	0.00	1.91
7	28.85	0.000	0.408	60.00	5.28	2.61
37	30.59	0.000	0.551	60.00	-1.470e-01	1.51
182	27.90	0.000	0.641	60.00	0.00	0.938
318	32.67	0.000	0.562	60.00	14.00	1.49
3	27.99	0.000	0.397	59.99	13.17	2.53
1	27.62	0.000	0.760	60.00	-5.500e-02	2.78
1	29.29	0.000	0.598	59.98	2.47	-2.900e-02
7	34.34	0.000	0.288	60.00	3.34	1.27
2	34.75	0.000	0.729	60.00	4.15	1.34
119	28.59	0.000	0.556	60.00	6.38	1.70
20	25.72	0.000	0.520	60.00	-1.520e-01	1.76
208	34.45	0.000	0.701	60.00	10.86	1.56
1	31.95	0.000	0.522	59.98	4.58	1.22
1	32.48	0.000	0.479	60.00	4.88	0.737
1	34.11	0.000	0.516	60.00	7.05	1.51
2	23.34	0.000	0.547	59.99	7.26	2.00
1	34.02	0.000	0.595	60.00	5.21	-5.610e-01
1	28.37	0.000	0.326	60.00	2.53	2.19
2	29.82	0.000	0.497	60.00	7.76	0.284
218	29.80	0.000	0.646	60.00	5.79	0.706
118	34.68	0.000	0.794	59.98	0.00	0.338
1	34.91	0.000	0.884	60.00	0.00	0.226
217	28.34	0.000	0.896	60.00	0.00	0.823
10	29.46	0.000	0.587	60.00	0.00	1.11
1	35.40	0.000	0.367	59.96	-1.770e-01	1.54
334	29.26	0.000	0.423	59.99	0.00	0.775
2	30.83	0.000	1.296	60.00	-3.000e-02	0.687
3	32.78	0.000	0.494	59.99	0.00	-1.466e+00
1	27.55	9.067	0.038	59.97	0.00	1.24
46	27.56	0.000	0.505	59.99	0.00	0.648
232	32.87	0.000	0.462	60.00	0.00	0.991
1	13.81	2.680	0.544	60.00	0.00	0.105
119	33.62	0.000	0.554	60.00	0.00	0.225
4	33.52	0.000	0.732	59.99	0.00	-2.314e+00
34	27.36	0.000	0.630	59.98	0.00	-4.310e-01
20	30.00	0.000	0.791	59.98	0.00	0.081
14	27.52	0.000	0.687	59.99	0.00	-1.160e+00
14	34.51	0.000	0.722	59.85	0.00	-8.200e-02
2	30.63	0.000	0.472	59.65	-7.540e-01	0.128
2	31.62	1.311	0.696	59.87	0.00	0.625
1	30.65	1.017	0.505	59.87	0.00	-1.588e+00
1	28.71	0.000	0.233	59.79	0.00	-3.420e-01
4	32.79	0.000	0.792	59.88	0.00	13.17
17	32.28	0.000	0.759	59.86	0.00	3.20
2	34.51	0.000	0.745	59.60	0.00	8.12
3	29.49	0.000	0.097	59.66	0.00	9.71
1	28.72	0.000	1.009	59.87	1.89	12.21
310	21.26	0.000	0.561	59.70	0.00	1.38
108	25.19	0.000	0.520	59.67	-3.170e-01	0.449
1	31.78	0.000	0.698	59.53	2.98	1.33
2	33.88	0.000	0.763	59.00	-6.500e-01	0.471
4	32.55	2.862	0.362	59.67	0.00	1.90
4	30.16	8.502	0.094	59.45	-2.500e-02	1.02
1	30.01	2.142	0.480	59.94	0.00	-6.290e-01
114	33.45	0.000	0.523	58.10	-4.600e-02	-5.110e-01
4	28.50	2.576	0.328	59.55	0.00	0.777
34	34.17	0.000	0.452	59.21	-3.800e-02	0.596
322,1,1	30.69	10.281	0.133	59.03	-4.700e-02	-4.740e-01
3	29.35	0.000	0.179	59.71	5.02	0.194
1	29.47	2.886	0.337	59.74	-7.000e-02	-2.400e-01
30	31.58	3.793	0.339	59.11	0.00	0.703
1	34.37	23.573	0.359	59.60	0.727	0.256
1	9.61	0.000	0.642	60.00	1.67	1.63
1	25.12	0.000	0.628	60.00	0.00	-2.146e+00
3	34.99	0.000	0.883	60.00	0.00	0.355
7	34.10	2.094	0.444	59.99	2.19	0.973
22	28.74	0.000	0.723	59.91	2.71	0.248
335	26.46	0.000	0.556	59.98	1.52	0.043
118	31.40	0.000	0.780	59.96	0.748	2.39
336	35.35	0.000	0.169	60.00	3.45	7.40
1	27.61	0.000	0.682	60.00	0.379	10.05
46	25.41	0.000	0.665	60.00	2.11	7.14
119	33.40	0.000	0.610	60.00	-2.960e-01	1.47
1	34.24	3.485	0.577	60.00	7.88	6.85
7	30.20	0.000	0.225	60.00	11.57	3.28
2	34.75	0.000	0.861	60.00	11.73	
118	34.53	0.000	0.497	60.00	9.96	
104	31.98	0.000	0.646	60.00	0.385	
215	28.65	3.446	0.438	60.00	2.55	
2	25.65	0.000	0.741	60.00	-2.390e+00	
1	10.40	5.529	0.519	59.94	
215	24.13	0.000	0.931	60.00	
5	28.35	0.000	0.286	59.99	
340	31.38	0.000	0.444	60.00	
152	34.15	0.000	0.726	60.00	
5	30.52	0.000	0.384	60.00	
1	34.17	0.000	0.577	60.00	
216,1	34.37	0.000	0.640	59.98	
1	34.98	0.000	0.976	59.94	
1	24.79	28.246	1.321	59.97	
6,5	29.07	0.000	0.662	59.89	
1	30.39	9.425	0.883	59.94	
1	29.74	12.978	1.416	59.97	
1	28.66	99.246	1.516	59.91	
7	26.04	0.000	1.041	59.97	
117,7	31.12	0.000	0.463	59.90	
98,117,1	31.69	0.000	0.732	59.90	
117,7	31.88	0.000	0.519	59.91	
35,7	28.72	0.000	0.519	59.96	
94,1,117	23.22	0.000	0.781	59.90	
96	32.89	0.000	0.409	59.90	
3	32.83	0.000	0.600	59.69	
65	28.96	0.000	0.295	59.71	
3,3	10.93	0.000	0.643	59.31	
3	10.58	2.062	0.902	58.57	
4,2,3	11.84	2.031	0.905	59.08	
9,26,1,2,1,3	13.17	0.588	0.760	59.23	
3,1	10.26	3.854	1.010	56.09	
4	4.59	0.000	0.717	59.09	
34	33.18	3.039	1.078	58.83	
1	15.07	15.377	1.289	56.17	
1,1,1	22.29	7.003	1.173	57.71	
57,2,1	26.83	6.973	0.517	58.69	
1,1	25.38	0.000	0.569	54.79	
5,1,2,2	33.64	4.280	0.791	56.02	
1,1	33.88	5.794	0.408	39.00	
21,1,1	15.94	0.555	0.763	52.15	
6	13.11	12.830	1.435	51.16	
6	13.21	14.532	1.494	50.89	
20	13.32	2.539	0.902	50.43	
51,14,5,2	23.24	1.345	0.416	49.86	
1	27.28	5.549	0.399	50.40	
1	11.29	5.100	0.594	50.66	
1	24.94	11.580	0.107	53.14	
